(84,)
0.04562801495194435
-0.016559703275561333
0.03137637674808502
-0.030720023438334465
-0.025091933086514473
0.0
-0.015127383172512054
0.0
0.0
-0.016759628430008888
-0.003798671532422304
-0.0005934634245932102
-0.043161313980817795
-0.0024491604417562485
-0.016660884022712708
-0.017325803637504578
0.04993060976266861
0.0
-0.008753764443099499
0.0
0.0
0.03952369466423988
-0.014134491793811321
0.0
0.052921973168849945
0.0
-0.002126925392076373
0.0
-0.02361893653869629
0.05019785091280937
-0.019941119477152824
-0.019321132451295853
0.0
0.0
0.0
-0.00672048470005393
-0.03499293699860573
-0.019900033250451088
0.0
0.0
0.0
0.0
0.0
0.05137050151824951
0.0
0.0
0.0
-0.010309260338544846
0.0
0.0
0.0
-0.017946893349289894
0.0
0.0
0.0
-0.009976132772862911
-0.006005479488521814
-0.014395752921700478
0.0
0.0
0.0
0.0
0.0
0.0
-0.026981983333826065
0.0
0.0
-0.01981337182223797
0.0
-0.0060054585337638855
-0.02943146415054798
-0.011345685459673405
0.030984781682491302
0.0
-0.009965113364160061
0.0
0.0
0.0
0.0
-0.0020420204382389784
0.0
0.008142807520925999
-0.009504755958914757
0.0