(84, 1)
0.1526605188846588
0.2574159801006317
0.08622963726520538
-0.05576637014746666
-0.18693140149116516
0.16174551844596863
-0.06155028194189072
0.1875145137310028
0.031947921961545944
0.11618675291538239
0.04594123363494873
0.01914823055267334
0.003458393504843116
0.26594725251197815
0.0004529572615865618
0.04395721107721329
0.21124717593193054
-0.20673680305480957
-0.13692447543144226
0.14869867265224457
-0.17994891107082367
0.18581639230251312
-0.058967914432287216
-0.11465433239936829
0.22386017441749573
0.22710059583187103
0.28169798851013184
0.1389809101819992
-0.1483306735754013
0.21522808074951172
0.0009519210434518754
0.09837837517261505
0.14530181884765625
-0.023777462542057037
0.09419547766447067
0.13141076266765594
5.9788675571326166e-05
-0.17897985875606537
0.04574764892458916
0.20345830917358398
-0.10654184967279434
-0.022952890023589134
-0.06674950569868088
0.2104627639055252
0.10312531143426895
0.06250179558992386
-0.11809973418712616
0.00043894635746255517
-0.10343790799379349
0.0048825847916305065
-0.09753433614969254
0.07703237980604172
0.08844499289989471
-0.03195156902074814
0.06074465811252594
-0.12924787402153015
-0.22290270030498505
0.053511057049036026
0.025566546246409416
0.09740937501192093
0.3655577301979065
0.14487653970718384
-0.14002053439617157
0.17134247720241547
-0.1920677125453949
-0.07080384343862534
-0.010467784479260445
0.2263791561126709
-0.11424017697572708
-0.12096734344959259
-0.0030468818731606007
-0.0819908007979393
0.08301658928394318
-0.16565392911434174
-0.13330954313278198
-0.0671585276722908
-0.0763946920633316
0.2959766983985901
0.1456345021724701
0.010079554282128811
-0.1879732310771942
0.021946342661976814
-0.09372253715991974
-0.23695707321166992