(1, 84)
0.1922556757926941
0.018656015396118164
0.06442294269800186
0.3620621860027313
0.3306471109390259
-0.14990758895874023
0.17831581830978394
-0.023217136040329933
-0.0158330500125885
0.01919504441320896
0.0027186768129467964
0.10654480010271072
0.07652709633111954
0.0018955243285745382
0.018515173345804214
0.015692314133048058
0.15522120893001556
-0.03146984055638313
0.11107409000396729
-0.13101230561733246
-0.3916107714176178
0.02545773796737194
0.1680470108985901
-0.1138429194688797
0.2747940421104431
-0.22308951616287231
-0.0095262685790658
-0.028712691739201546
0.27803337574005127
0.1516502946615219
0.0227518230676651
0.015582405962049961
-0.136180117726326
-0.303840309381485
-0.053367286920547485
-0.0012869486818090081
0.049900926649570465
0.23224703967571259
-0.05941322073340416
-0.04637112468481064
-0.16084067523479462
-0.21782080829143524
-0.261729896068573
0.22515270113945007
-0.0781770795583725
-0.0671975314617157
-0.19217003881931305
0.015405998565256596
-0.24756063520908356
-0.032632868736982346
-0.13735829293727875
0.016698559746146202
-0.07835393399000168
-0.18110071122646332
-0.004322956316173077
0.12715467810630798
0.004205079283565283
0.01788402907550335
-0.09730056673288345
-0.05564195662736893
-0.10315072536468506
-0.05515293776988983
-0.12473094463348389
-0.26479965448379517
0.028760865330696106
-0.061630383133888245
-0.2500610053539276
0.022409431636333466
-0.1391732096672058
0.0019757281988859177
0.08524336665868759
0.004552432801574469
0.08766485750675201
-0.1894136369228363
0.12263505160808563
-0.10504507273435593
-0.13357418775558472
-0.08879148215055466
-0.04778997600078583
-0.006247918587177992
-0.17872582376003265
0.03524487093091011
0.1120830848813057
-0.2356490194797516